
Calculate Statistics

check: 20 win lines
output every:10000000 steps
Statistics
Combinations for each win
Step:            10000000
	 Symbol		5 in a row     4 in a row   3 in a row   2 in a row
****************************************************************************************************
          Atkins             0(0.00000000)             0(0.00000000)             0(0.00000000)             0(0.00000000)             0(0.00000000) 
           Steak             0(0.00000000)             0(0.00000000)             0(0.00000000)             0(0.00000000)             0(0.00000000) 
             Ham          6400(0.00003200)         34560(0.00017280)        286720(0.00143360)       2293760(0.01146880)       2621440(0.01310720) 
    BuffaloWings           576(0.00000288)          4032(0.00002016)         44544(0.00022272)        344064(0.00172032)        393216(0.00196608) 
         Sausage         15300(0.00007650)         82620(0.00041310)        528768(0.00264384)             0(0.00000000)        626688(0.00313344) 
            Eggs          3840(0.00001920)         26880(0.00013440)        215040(0.00107520)             0(0.00000000)        245760(0.00122880) 
          Butter          7300(0.00003650)         39420(0.00019710)        327040(0.00163520)             0(0.00000000)        373760(0.00186880) 
          Cheese         10000(0.00005000)         70000(0.00035000)        432000(0.00216000)             0(0.00000000)        512000(0.00256000) 
           Bacon         12000(0.00006000)         84000(0.00042000)        416000(0.00208000)             0(0.00000000)        512000(0.00256000) 
      Mayonnaise         24000(0.00012000)        168000(0.00084000)       1036800(0.00518400)             0(0.00000000)       1228800(0.00614400) 
****************************************************************************************************
          Total:        79416(0.00039708)        509512(0.00254756)       3286912(0.01643456)       2637824(0.01318912)       6513664(0.03256832) 
Statistics
Combinations for each win
Step:            20000000
	 Symbol		5 in a row     4 in a row   3 in a row   2 in a row
****************************************************************************************************
          Atkins             6(0.00000001)           168(0.00000042)          3078(0.00000770)          6144(0.00001536)          9396(0.00002349) 
           Steak          3850(0.00000963)         26824(0.00006706)        292544(0.00073136)       3000832(0.00750208)       3324050(0.00831012) 
             Ham          8290(0.00002072)         44766(0.00011192)        367360(0.00091840)       2809856(0.00702464)       3230272(0.00807568) 
    BuffaloWings          9052(0.00002263)         63364(0.00015841)        696224(0.00174056)       5269760(0.01317440)       6038400(0.01509600) 
         Sausage         18420(0.00004605)         99468(0.00024867)        632448(0.00158112)             0(0.00000000)        750336(0.00187584) 
            Eggs         11304(0.00002826)         79128(0.00019782)        628992(0.00157248)             0(0.00000000)        719424(0.00179856) 
          Butter         21170(0.00005292)        113832(0.00028458)        944384(0.00236096)             0(0.00000000)       1079386(0.00269847) 
          Cheese         22976(0.00005744)        160160(0.00040040)        988416(0.00247104)             0(0.00000000)       1171552(0.00292888) 
           Bacon         27696(0.00006924)        193872(0.00048468)        960128(0.00240032)             0(0.00000000)       1181696(0.00295424) 
      Mayonnaise         39980(0.00009995)        279860(0.00069965)       1727136(0.00431784)             0(0.00000000)       2046976(0.00511744) 
****************************************************************************************************
          Total:       162744(0.00040686)       1061442(0.00265360)       7240710(0.01810178)      11086592(0.02771648)      19551488(0.04887872) 
Statistics
Combinations for each win
Step:            30000000
	 Symbol		5 in a row     4 in a row   3 in a row   2 in a row
****************************************************************************************************
          Atkins            20(0.00000003)           560(0.00000093)         10260(0.00001710)         20480(0.00003413)         31320(0.00005220) 
           Steak          5740(0.00000957)         39760(0.00006627)        426880(0.00071147)       4157440(0.00692907)       4629820(0.00771637) 
             Ham         19100(0.00003183)        103140(0.00017190)        842240(0.00140373)       6307840(0.01051307)       7272320(0.01212053) 
    BuffaloWings         12196(0.00002033)         85372(0.00014229)        930784(0.00155131)       6786688(0.01131115)       7815040(0.01302507) 
         Sausage         28995(0.00004833)        156573(0.00026095)        988320(0.00164720)             0(0.00000000)       1173888(0.00195648) 
            Eggs         19120(0.00003187)        133840(0.00022307)       1057280(0.00176213)             0(0.00000000)       1210240(0.00201707) 
          Butter         34700(0.00005783)        185760(0.00030960)       1541120(0.00256853)             0(0.00000000)       1761580(0.00293597) 
          Cheese         39920(0.00006653)        277200(0.00046200)       1710720(0.00285120)             0(0.00000000)       2027840(0.00337973) 
           Bacon         58200(0.00009700)        407400(0.00067900)       2017600(0.00336267)             0(0.00000000)       2483200(0.00413867) 
      Mayonnaise         59600(0.00009933)        417200(0.00069533)       2574720(0.00429120)             0(0.00000000)       3051520(0.00508587) 
****************************************************************************************************
          Total:       277591(0.00046265)       1806805(0.00301134)      12099924(0.02016654)      17272448(0.02878741)      31456768(0.05242795) 
****************************************************************************************************
****************************************************************************************************
Total line combinations:671088640
games_win=0.05453491
Prob bonus=0.01118481
game_win_scatter=0.09869295
Hit rate: 0.91684387
****************************************************************************************************
****************************************************************************************************
Statistics
Combinations for each win
Step:            33554432
	 Symbol		5 in a row     4 in a row   3 in a row   2 in a row
****************************************************************************************************
          Atkins            20(0.00000003)           560(0.00000083)         10260(0.00001529)         20480(0.00003052)         31320(0.00004667) 
           Steak          8620(0.00001284)         59920(0.00008929)        649600(0.00096798)       6533120(0.00973511)       7251260(0.01080522) 
             Ham         19100(0.00002846)        103140(0.00015369)        842240(0.00125504)       6307840(0.00939941)       7272320(0.01083660) 
    BuffaloWings         15280(0.00002277)        106960(0.00015938)       1169280(0.00174236)       8601600(0.01281738)       9893120(0.01474190) 
         Sausage         31900(0.00004753)        172260(0.00025669)       1088640(0.00162220)             0(0.00000000)       1292800(0.00192642) 
            Eggs         19120(0.00002849)        133840(0.00019944)       1057280(0.00157547)             0(0.00000000)       1210240(0.00180340) 
          Butter         39900(0.00005946)        213840(0.00031865)       1774080(0.00264359)             0(0.00000000)       2027820(0.00302169) 
          Cheese         39920(0.00005949)        277200(0.00041306)       1710720(0.00254917)             0(0.00000000)       2027840(0.00302172) 
           Bacon         59520(0.00008869)        416640(0.00062084)       2063360(0.00307465)             0(0.00000000)       2539520(0.00378418) 
      Mayonnaise         59600(0.00008881)        417200(0.00062168)       2574720(0.00383663)             0(0.00000000)       3051520(0.00454712) 
****************************************************************************************************
          Total:       292980(0.00043657)       1901560(0.00283355)      12940180(0.01928237)      21463040(0.03198242)      36597760(0.05453491) 
RETURN TABLE
Return of each win
	 Symbol  5 in a row 4 in a row 3 in a row 2 in a row
************************************************************************************
          Atkins 0.00015 0.00042 0.00076 0.00015 0.00148
           Steak 0.01284 0.01786 0.03872 0.02921 0.09863
             Ham 0.01423 0.02305 0.03765 0.01880 0.09373
    BuffaloWings 0.00683 0.01594 0.04356 0.02563 0.09196
         Sausage 0.00951 0.01925 0.03244 0.00000 0.06120
            Eggs 0.00570 0.01496 0.03151 0.00000 0.05217
          Butter 0.00595 0.01593 0.03965 0.00000 0.06153
          Cheese 0.00595 0.02065 0.03824 0.00000 0.06484
           Bacon 0.00443 0.01552 0.03075 0.00000 0.05070
      Mayonnaise 0.00444 0.01554 0.03837 0.00000 0.05835
************************************************************************************
          Total:0.07003 0.15912 0.33165 0.07379 0.63460
Scatter Pays
********************************************************************************
Total Scatters   Pays   Combinations  Probability  Return
             5   100       486	  0.000014  0.001448
             4    25     20898	  0.000623  0.015570
             3     5    353916	  0.010548  0.052738
             2     0   2936772	  0.087523  0.000000
             1     0  11853054	  0.353249  0.000000
